[VERSIONS]
ocl_cpu_rt_ver=2020.10.5.0.06.xmain
ocl_cpu_rt_ver_win=2020.10.5.0.06.xmain
ocl_gpu_rt_ver=20.17.16650
ocl_gpu_rt_ver_win=27.20.100.8187
intel_sycl_ver=build
tbb_ver=20200121_111047
tbb_ver_win=20200124_000000
fpga_ver=20200216_000000
fpga_ver_win=20200216_000000
mkl_ver=2019u4
mkldnn_ver=2021.1.2.022

[DRIVER VERSIONS]
cpu_driver_lin=2020.10.5.0.06.xmain
cpu_driver_win=2020.10.5.0.06.xmain
gpu_driver_lin=20.17.16650
gpu_driver_win=27.20.100.8187
fpga_driver_lin=2020.9.2.0
fpga_driver_win=2020.9.2.0
