[VERSIONS]
ocl_cpu_rt_ver=2020.9.1.0.18
ocl_cpu_rt_ver_win=2020.9.1.0.18
ocl_gpu_rt_ver=20.02.15268
ocl_gpu_rt_ver_win=26.20.100.7755
intel_sycl_ver=build
tbb_ver=20200113_135304
tbb_ver_win=20200113_135304
fpga_ver=20200108_000001
fpga_ver_win=20200108_000000
mkl_ver=2019u4
mkldnn_ver=2021.1.2.022

[DRIVER VERSIONS]
cpu_driver_lin=2020.9.1.0.18
cpu_driver_win=2020.9.1.0.18
gpu_driver_lin=20.02.15268
gpu_driver_win=26.20.100.7755
fpga_driver_lin=2020.9.1.0
fpga_driver_win=2020.9.1.0
